393200144623
393313653642
393408884499
393406782972
393393257139
393334451399
393408301713
393398391573
393274490247
393514047758
393351000248
393389850872
393381960610
393803881440
393295386814
393471101317
393429506708
393458157840
393453432415
393514047758
393388036014
393403005024
393473051720
393479234126
393482946345
393202796269
393280504967
393285504273
393317836989
393514047758
393450928534
393807594245
393887517268
393892969626
393200494440
393405626908
393895633275
393279005197
393355458447
393514047758
393482631475
393933336702
393461256745
393489833935
393885674297
393488185511
393896885052
393207082485
393288237413
393514047758
393923448390
393208774207
393208978501
393475428894
393288877047
393291934174
393473423890
393479173692
393495662373
393514047758
393209727364
393386564076
393389944053
393495040561
393313595534
393387415256
393409661572
393458902946
393467957498
393514047758
393498242233
393207883905
393313492997
393332454655
393467361634
393493108979
393405299425
393470477405
393272064169
393514047758
393408698770
393441701929
393200678409
393270527276
393420388989
393388393756
393474531018
393202640406
393206166292
393514047758
393282740710
393291885014
393381074713
393473475163
393272593067
393283293845
393480043854
393248080280
393332540706
393514047758